1950 301.92
1951 300.88
1952 299.88
1953 299.76
1954 299.77
1955 299.81
1956 299.88
1957 300.02
1958 300.43
1959 301.37
1960 302.54
1961 302.72
1962 302.62
1963 303.11
1964 303.61
1965 304.42
1966 305.56
1967 306.59
1968 307.81
1969 309.60
1970 311.81
1971 314.09
1972 316.19
1973 318.12
1974 319.60
1975 320.88
1976 322.19
1977 323.87
1978 326.21
1979 328.74
1980 330.86
1981 332.23
1982 333.03
1983 334.24
1984 336.15
1985 338.20
1986 340.22
1987 342.41
1988 345.08
1989 347.73
1990 349.91
1991 351.19
1992 351.55
1993 352.27
1994 353.74
1995 355.94
1996 358.26
1997 359.83
1998 361.47
1999 363.28
2000 364.37
2001 365.65
2002 367.98
2003 370.52
2004 372.79
2005 375.20
2006 378.16
2007 381.36
2008 384.74
2009 388.43
2010 392.06
2011 395.27
2012 398.44
2013 401.79
2014 405.28
2015 408.90
2016 412.66
2017 416.55
2018 420.55
2019 424.72
2020 429.09
2021 433.67
2022 438.36
2023 443.07
2024 447.89
2025 452.82
2026 457.86
2027 463.00
2028 468.23
2029 473.55
2030 479.09
2031 485.00
2032 491.12
2033 497.34
2034 503.73
2035 510.30
2036 517.07
2037 524.01
2038 531.13
2039 538.41
2040 545.79
2041 553.25
2042 560.85
2043 568.62
2044 576.55
2045 584.67
2046 593.01
2047 601.56
2048 610.34
2049 619.35
2050 628.43
2051 637.46
2052 646.55
2053 655.82
2054 665.23
2055 674.76
2056 684.47
2057 694.36
2058 704.45
2059 714.76
2060 725.23
2061 735.80
2062 746.47
2063 757.22
2064 768.05
2065 778.94
2066 789.89
2067 800.93
2068 812.10
2069 823.41
2070 834.84
2071 846.36
2072 857.96
2073 869.65
2074 881.43
2075 893.30
2076 905.23
2077 917.24
2078 929.33
2079 941.53
2080 954.05
2081 967.06
2082 980.38
2083 993.81
2084 1007.38
2085 1021.07
2086 1034.89
2087 1048.80
2088 1062.81
2089 1076.96
2090 1091.07
2091 1104.99
2092 1118.89
2093 1132.89
2094 1146.92
2095 1160.99
2096 1175.09
2097 1189.22
2098 1203.35
2099 1217.48
2100 1231.45
2101 1245.11
2102 1258.71
2103 1272.36
2104 1286.00
2105 1299.64
2106 1313.27
2107 1326.87
2108 1340.43
2109 1353.94
2110 1367.38
2111 1380.76
2112 1394.16
2113 1407.59
2114 1421.06
2115 1434.59
2116 1448.13
2117 1461.70
2118 1475.27
2119 1488.80
2120 1502.31
2121 1515.77
2122 1529.18
2123 1542.63
2124 1556.15
2125 1569.72
2126 1583.35
2127 1597.04
2128 1610.78
2129 1624.50
2130 1638.21
2131 1651.91
2132 1665.53
2133 1679.14
2134 1692.80
2135 1706.51
2136 1720.29
2137 1734.17
2138 1748.10
2139 1762.05
2140 1776.02
2141 1790.00
2142 1803.95
2143 1817.84
2144 1831.70
2145 1845.59
2146 1859.55
2147 1873.61
2148 1887.74
2149 1901.95
2150 1916.19
2151 1930.43
2152 1944.58
2153 1958.57
2154 1972.32
2155 1985.84
2156 1999.27
2157 2012.63
2158 2025.90
2159 2039.09
2160 2052.19
2161 2065.17
2162 2078.01
2163 2090.70
2164 2103.24
2165 2115.52
2166 2127.57
2167 2139.54
2168 2151.43
2169 2163.25
2170 2174.99
2171 2186.63
2172 2198.15
2173 2209.53
2174 2220.78
2175 2231.84
2176 2242.64
2177 2253.21
2178 2263.67
2179 2274.06
2180 2284.37
2181 2294.63
2182 2304.78
2183 2314.82
2184 2324.72
2185 2334.44
2186 2343.95
2187 2353.23
2188 2362.28
2189 2371.19
2190 2380.02
2191 2388.79
2192 2397.49
2193 2406.10
2194 2414.56
2195 2422.87
2196 2431.03
2197 2438.96
2198 2446.63
2199 2454.10
2200 2461.43
2201 2468.65
2202 2475.80
2203 2482.87
2204 2489.86
2205 2496.71
2206 2503.40
2207 2509.93
2208 2516.22
2209 2522.25
2210 2528.09
2211 2533.78
2212 2539.35
2213 2544.85
2214 2550.29
2215 2555.62
2216 2560.80
2217 2565.83
2218 2570.70
2219 2575.34
2220 2579.68
2221 2583.82
2222 2587.82
2223 2591.74
2224 2595.56
2225 2599.32
2226 2602.95
2227 2606.45
2228 2609.79
2229 2612.96
2230 2615.90
2231 2618.58
2232 2621.06
2233 2623.36
2234 2625.55
2235 2627.65
2236 2629.69
2237 2631.64
2238 2633.47
2239 2635.12
2240 2636.55
2241 2637.81
2242 2638.79
2243 2639.49
2244 2640.09
2245 2640.61
2246 2641.01
2247 2641.33
2248 2641.56
2249 2641.67
2250 2641.68
2251 2641.68
2252 2641.68
2253 2641.68
2254 2641.68
2255 2641.68
2256 2641.68
2257 2641.68
2258 2641.68
2259 2641.68
2260 2641.68
2261 2641.68
2262 2641.68
2263 2641.68
2264 2641.68
2265 2641.68
2266 2641.68
2267 2641.68
2268 2641.68
2269 2641.68
2270 2641.68
2271 2641.68
2272 2641.68
2273 2641.68
2274 2641.68
2275 2641.68
2276 2641.68
2277 2641.68
2278 2641.68
2279 2641.68
2280 2641.68
2281 2641.68
2282 2641.68
2283 2641.68
2284 2641.68
2285 2641.68
2286 2641.68
2287 2641.68
2288 2641.68
2289 2641.68
2290 2641.68
2291 2641.68
2292 2641.68
2293 2641.68
2294 2641.68
2295 2641.68
2296 2641.68
2297 2641.68
2298 2641.68
2299 2641.68
2300 2641.68
2301 2641.68
2302 2641.68
2303 2641.68
2304 2641.68
2305 2641.68
2306 2641.68
2307 2641.68
2308 2641.68
2309 2641.68
2310 2641.68
2311 2641.68
2312 2641.68
2313 2641.68
2314 2641.68
2315 2641.68
2316 2641.68
2317 2641.68
2318 2641.68
2319 2641.68
2320 2641.68
2321 2641.68
2322 2641.68
2323 2641.68
2324 2641.68
2325 2641.68
2326 2641.68
2327 2641.68
2328 2641.68
2329 2641.68
2330 2641.68
2331 2641.68
2332 2641.68
2333 2641.68
2334 2641.68
2335 2641.68
2336 2641.68
2337 2641.68
2338 2641.68
2339 2641.68
2340 2641.68
2341 2641.68
2342 2641.68
2343 2641.68
2344 2641.68
2345 2641.68
2346 2641.68
2347 2641.68
2348 2641.68
2349 2641.68
2350 2641.68
2351 2641.68
2352 2641.68
2353 2641.68
2354 2641.68
2355 2641.68
2356 2641.68
2357 2641.68
2358 2641.68
2359 2641.68
2360 2641.68
2361 2641.68
2362 2641.68
2363 2641.68
2364 2641.68
2365 2641.68
2366 2641.68
2367 2641.68
2368 2641.68
2369 2641.68
2370 2641.68
2371 2641.68
2372 2641.68
2373 2641.68
2374 2641.68
2375 2641.68
2376 2641.68
2377 2641.68
2378 2641.68
2379 2641.68
2380 2641.68
2381 2641.68
2382 2641.68
2383 2641.68
2384 2641.68
2385 2641.68
2386 2641.68
2387 2641.68
2388 2641.68
2389 2641.68
2390 2641.68
2391 2641.68
2392 2641.68
2393 2641.68
2394 2641.68
2395 2641.68
2396 2641.68
2397 2641.68
2398 2641.68
2399 2641.68
2400 2641.68
2401 2641.68
2402 2641.68
2403 2641.68
2404 2641.68
2405 2641.68
2406 2641.68
2407 2641.68
2408 2641.68
2409 2641.68
2410 2641.68
2411 2641.68
2412 2641.68
2413 2641.68
2414 2641.68
2415 2641.68
2416 2641.68
2417 2641.68
2418 2641.68
2419 2641.68
2420 2641.68
2421 2641.68
2422 2641.68
2423 2641.68
2424 2641.68
2425 2641.68
2426 2641.68
2427 2641.68
2428 2641.68
2429 2641.68
2430 2641.68
2431 2641.68
2432 2641.68
2433 2641.68
2434 2641.68
2435 2641.68
2436 2641.68
2437 2641.68
2438 2641.68
2439 2641.68
2440 2641.68
2441 2641.68
2442 2641.68
2443 2641.68
2444 2641.68
2445 2641.68
2446 2641.68
2447 2641.68
2448 2641.68
2449 2641.68
2450 2641.68
2451 2641.68
2452 2641.68
2453 2641.68
2454 2641.68
2455 2641.68
2456 2641.68
2457 2641.68
2458 2641.68
2459 2641.68
2460 2641.68
2461 2641.68
2462 2641.68
2463 2641.68
2464 2641.68
2465 2641.68
2466 2641.68
2467 2641.68
2468 2641.68
2469 2641.68
2470 2641.68
2471 2641.68
2472 2641.68
2473 2641.68
2474 2641.68
2475 2641.68
2476 2641.68
2477 2641.68
2478 2641.68
2479 2641.68
2480 2641.68
2481 2641.68
2482 2641.68
2483 2641.68
2484 2641.68
2485 2641.68
2486 2641.68
2487 2641.68
2488 2641.68
2489 2641.68
2490 2641.68
2491 2641.68
2492 2641.68
2493 2641.68
2494 2641.68
2495 2641.68
2496 2641.68
2497 2641.68
2498 2641.68
2499 2641.68
2500 2641.68
