1950 301.92
1951 300.88
1952 299.88
1953 299.76
1954 299.77
1955 299.81
1956 299.88
1957 300.02
1958 300.43
1959 301.37
1960 302.54
1961 302.72
1962 302.62
1963 303.11
1964 303.61
1965 304.42
1966 305.56
1967 306.59
1968 307.81
1969 309.60
1970 311.81
1971 314.09
1972 316.19
1973 318.12
1974 319.60
1975 320.88
1976 322.19
1977 323.87
1978 326.21
1979 328.74
1980 330.86
1981 332.23
1982 333.03
1983 334.24
1984 336.15
1985 338.20
1986 340.22
1987 342.41
1988 345.08
1989 347.73
1990 349.91
1991 351.19
1992 351.55
1993 352.27
1994 353.74
1995 355.94
1996 358.26
1997 359.83
1998 361.47
1999 363.28
2000 364.37
2001 365.65
2002 367.98
2003 370.52
2004 372.79
2005 375.15
2006 377.95
2007 380.86
2008 383.83
2009 386.98
2010 390.16
2011 393.31
2012 396.50
2013 399.75
2014 403.01
2015 406.30
2016 409.63
2017 412.99
2018 416.38
2019 419.83
2020 423.27
2021 426.57
2022 429.85
2023 433.18
2024 436.55
2025 439.95
2026 443.39
2027 446.87
2028 450.37
2029 453.89
2030 457.46
2031 461.10
2032 464.73
2033 468.29
2034 471.84
2035 475.38
2036 478.92
2037 482.46
2038 485.99
2039 489.49
2040 493.00
2041 496.53
2042 500.02
2043 503.42
2044 506.75
2045 510.05
2046 513.34
2047 516.62
2048 519.91
2049 523.20
2050 526.38
2051 529.35
2052 532.18
2053 534.91
2054 537.54
2055 540.07
2056 542.54
2057 544.95
2058 547.32
2059 549.65
2060 551.91
2061 554.07
2062 556.12
2063 558.08
2064 559.93
2065 561.68
2066 563.32
2067 564.88
2068 566.38
2069 567.82
2070 569.18
2071 570.43
2072 571.56
2073 572.58
2074 573.48
2075 574.27
2076 574.93
2077 575.46
2078 575.90
2079 576.26
2080 576.43
2081 576.26
2082 576.04
2083 575.97
2084 575.97
2085 576.01
2086 576.10
2087 576.22
2088 576.36
2089 576.53
2090 576.77
2091 577.05
2092 577.40
2093 577.79
2094 578.20
2095 578.64
2096 579.09
2097 579.55
2098 580.01
2099 580.47
2100 580.91
2101 581.32
2102 581.72
2103 582.14
2104 582.55
2105 582.93
2106 583.28
2107 583.58
2108 583.85
2109 584.06
2110 584.21
2111 584.33
2112 584.45
2113 584.57
2114 584.69
2115 584.82
2116 584.92
2117 585.00
2118 585.06
2119 585.08
2120 585.05
2121 584.98
2122 584.90
2123 584.84
2124 584.80
2125 584.78
2126 584.78
2127 584.78
2128 584.77
2129 584.75
2130 584.71
2131 584.65
2132 584.56
2133 584.46
2134 584.38
2135 584.32
2136 584.28
2137 584.26
2138 584.23
2139 584.19
2140 584.15
2141 584.08
2142 583.99
2143 583.87
2144 583.75
2145 583.63
2146 583.54
2147 583.46
2148 583.39
2149 583.32
2150 583.29
2151 583.29
2152 583.29
2153 583.29
2154 583.29
2155 583.29
2156 583.29
2157 583.29
2158 583.29
2159 583.29
2160 583.29
2161 583.29
2162 583.29
2163 583.29
2164 583.29
2165 583.29
2166 583.29
2167 583.29
2168 583.29
2169 583.29
2170 583.29
2171 583.29
2172 583.29
2173 583.29
2174 583.29
2175 583.29
2176 583.29
2177 583.29
2178 583.29
2179 583.29
2180 583.29
2181 583.29
2182 583.29
2183 583.29
2184 583.29
2185 583.29
2186 583.29
2187 583.29
2188 583.29
2189 583.29
2190 583.29
2191 583.29
2192 583.29
2193 583.29
2194 583.29
2195 583.29
2196 583.29
2197 583.29
2198 583.29
2199 583.29
2200 583.29
2201 583.29
2202 583.29
2203 583.29
2204 583.29
2205 583.29
2206 583.29
2207 583.29
2208 583.29
2209 583.29
2210 583.29
2211 583.29
2212 583.29
2213 583.29
2214 583.29
2215 583.29
2216 583.29
2217 583.29
2218 583.29
2219 583.29
2220 583.29
2221 583.29
2222 583.29
2223 583.29
2224 583.29
2225 583.29
2226 583.29
2227 583.29
2228 583.29
2229 583.29
2230 583.29
2231 583.29
2232 583.29
2233 583.29
2234 583.29
2235 583.29
2236 583.29
2237 583.29
2238 583.29
2239 583.29
2240 583.29
2241 583.29
2242 583.29
2243 583.29
2244 583.29
2245 583.29
2246 583.29
2247 583.29
2248 583.29
2249 583.29
2250 583.29
2251 583.29
2252 583.29
2253 583.29
2254 583.29
2255 583.29
2256 583.29
2257 583.29
2258 583.29
2259 583.29
2260 583.29
2261 583.29
2262 583.29
2263 583.29
2264 583.29
2265 583.29
2266 583.29
2267 583.29
2268 583.29
2269 583.29
2270 583.29
2271 583.29
2272 583.29
2273 583.29
2274 583.29
2275 583.29
2276 583.29
2277 583.29
2278 583.29
2279 583.29
2280 583.29
2281 583.29
2282 583.29
2283 583.29
2284 583.29
2285 583.29
2286 583.29
2287 583.29
2288 583.29
2289 583.29
2290 583.29
2291 583.29
2292 583.29
2293 583.29
2294 583.29
2295 583.29
2296 583.29
2297 583.29
2298 583.29
2299 583.29
2300 583.29
2301 583.29
2302 583.29
2303 583.29
2304 583.29
2305 583.29
2306 583.29
2307 583.29
2308 583.29
2309 583.29
2310 583.29
2311 583.29
2312 583.29
2313 583.29
2314 583.29
2315 583.29
2316 583.29
2317 583.29
2318 583.29
2319 583.29
2320 583.29
2321 583.29
2322 583.29
2323 583.29
2324 583.29
2325 583.29
2326 583.29
2327 583.29
2328 583.29
2329 583.29
2330 583.29
2331 583.29
2332 583.29
2333 583.29
2334 583.29
2335 583.29
2336 583.29
2337 583.29
2338 583.29
2339 583.29
2340 583.29
2341 583.29
2342 583.29
2343 583.29
2344 583.29
2345 583.29
2346 583.29
2347 583.29
2348 583.29
2349 583.29
2350 583.29
2351 583.29
2352 583.29
2353 583.29
2354 583.29
2355 583.29
2356 583.29
2357 583.29
2358 583.29
2359 583.29
2360 583.29
2361 583.29
2362 583.29
2363 583.29
2364 583.29
2365 583.29
2366 583.29
2367 583.29
2368 583.29
2369 583.29
2370 583.29
2371 583.29
2372 583.29
2373 583.29
2374 583.29
2375 583.29
2376 583.29
2377 583.29
2378 583.29
2379 583.29
2380 583.29
2381 583.29
2382 583.29
2383 583.29
2384 583.29
2385 583.29
2386 583.29
2387 583.29
2388 583.29
2389 583.29
2390 583.29
2391 583.29
2392 583.29
2393 583.29
2394 583.29
2395 583.29
2396 583.29
2397 583.29
2398 583.29
2399 583.29
2400 583.29
2401 583.29
2402 583.29
2403 583.29
2404 583.29
2405 583.29
2406 583.29
2407 583.29
2408 583.29
2409 583.29
2410 583.29
2411 583.29
2412 583.29
2413 583.29
2414 583.29
2415 583.29
2416 583.29
2417 583.29
2418 583.29
2419 583.29
2420 583.29
2421 583.29
2422 583.29
2423 583.29
2424 583.29
2425 583.29
2426 583.29
2427 583.29
2428 583.29
2429 583.29
2430 583.29
2431 583.29
2432 583.29
2433 583.29
2434 583.29
2435 583.29
2436 583.29
2437 583.29
2438 583.29
2439 583.29
2440 583.29
2441 583.29
2442 583.29
2443 583.29
2444 583.29
2445 583.29
2446 583.29
2447 583.29
2448 583.29
2449 583.29
2450 583.29
2451 583.29
2452 583.29
2453 583.29
2454 583.29
2455 583.29
2456 583.29
2457 583.29
2458 583.29
2459 583.29
2460 583.29
2461 583.29
2462 583.29
2463 583.29
2464 583.29
2465 583.29
2466 583.29
2467 583.29
2468 583.29
2469 583.29
2470 583.29
2471 583.29
2472 583.29
2473 583.29
2474 583.29
2475 583.29
2476 583.29
2477 583.29
2478 583.29
2479 583.29
2480 583.29
2481 583.29
2482 583.29
2483 583.29
2484 583.29
2485 583.29
2486 583.29
2487 583.29
2488 583.29
2489 583.29
2490 583.29
2491 583.29
2492 583.29
2493 583.29
2494 583.29
2495 583.29
2496 583.29
2497 583.29
2498 583.29
2499 583.29
2500 583.29
