1950 301.92
1951 300.88
1952 299.88
1953 299.76
1954 299.77
1955 299.81
1956 299.88
1957 300.02
1958 300.43
1959 301.37
1960 302.54
1961 302.72
1962 302.62
1963 303.11
1964 303.61
1965 304.42
1966 305.56
1967 306.59
1968 307.81
1969 309.60
1970 311.81
1971 314.09
1972 316.19
1973 318.12
1974 319.60
1975 320.88
1976 322.19
1977 323.87
1978 326.21
1979 328.74
1980 330.86
1981 332.23
1982 333.03
1983 334.24
1984 336.15
1985 338.20
1986 340.22
1987 342.41
1988 345.08
1989 347.73
1990 349.91
1991 351.19
1992 351.55
1993 352.27
1994 353.74
1995 355.94
1996 358.26
1997 359.83
1998 361.47
1999 363.28
2000 364.37
2001 365.65
2002 367.98
2003 370.52
2004 372.79
2005 375.11
2006 377.78
2007 380.58
2008 383.52
2009 386.70
2010 390.12
2011 393.80
2012 397.55
2013 401.15
2014 404.61
2015 407.97
2016 411.24
2017 414.42
2018 417.50
2019 420.55
2020 423.46
2021 426.14
2022 428.59
2023 430.91
2024 433.15
2025 435.33
2026 437.46
2027 439.52
2028 441.51
2029 443.42
2030 445.15
2031 446.62
2032 447.94
2033 449.21
2034 450.40
2035 451.52
2036 452.58
2037 453.57
2038 454.49
2039 455.33
2040 455.98
2041 456.34
2042 456.52
2043 456.61
2044 456.62
2045 456.56
2046 456.44
2047 456.28
2048 456.07
2049 455.82
2050 455.44
2051 454.85
2052 454.15
2053 453.42
2054 452.66
2055 451.86
2056 451.05
2057 450.24
2058 449.42
2059 448.60
2060 447.83
2061 447.18
2062 446.56
2063 445.92
2064 445.28
2065 444.62
2066 443.94
2067 443.27
2068 442.60
2069 441.95
2070 441.34
2071 440.80
2072 440.30
2073 439.81
2074 439.33
2075 438.85
2076 438.37
2077 437.88
2078 437.40
2079 436.94
2080 436.48
2081 435.97
2082 435.47
2083 435.00
2084 434.52
2085 434.03
2086 433.54
2087 433.03
2088 432.50
2089 431.98
2090 431.47
2091 431.00
2092 430.55
2093 430.11
2094 429.68
2095 429.25
2096 428.82
2097 428.39
2098 427.95
2099 427.50
2100 426.96
2101 426.27
2102 425.54
2103 424.90
2104 424.27
2105 423.66
2106 423.05
2107 422.43
2108 421.82
2109 421.20
2110 420.57
2111 419.95
2112 419.35
2113 418.78
2114 418.22
2115 417.68
2116 417.14
2117 416.60
2118 416.05
2119 415.50
2120 414.94
2121 414.36
2122 413.78
2123 413.23
2124 412.69
2125 412.17
2126 411.66
2127 411.16
2128 410.65
2129 410.15
2130 409.64
2131 409.13
2132 408.61
2133 408.09
2134 407.60
2135 407.13
2136 406.68
2137 406.25
2138 405.82
2139 405.38
2140 404.95
2141 404.51
2142 404.05
2143 403.59
2144 403.14
2145 402.70
2146 402.28
2147 401.89
2148 401.51
2149 401.12
2150 400.74
2151 400.35
2152 399.95
2153 399.55
2154 399.13
2155 398.71
2156 398.32
2157 397.94
2158 397.58
2159 397.24
2160 396.89
2161 396.54
2162 396.18
2163 395.82
2164 395.45
2165 395.06
2166 394.68
2167 394.31
2168 393.97
2169 393.64
2170 393.32
2171 393.00
2172 392.68
2173 392.35
2174 392.01
2175 391.66
2176 391.30
2177 390.95
2178 390.61
2179 390.28
2180 389.98
2181 389.68
2182 389.39
2183 389.09
2184 388.78
2185 388.46
2186 388.14
2187 387.79
2188 387.46
2189 387.14
2190 386.84
2191 386.55
2192 386.27
2193 386.00
2194 385.71
2195 385.42
2196 385.12
2197 384.81
2198 384.49
2199 384.17
2200 383.87
2201 383.58
2202 383.31
2203 383.05
2204 382.79
2205 382.52
2206 382.24
2207 381.96
2208 381.67
2209 381.36
2210 381.05
2211 380.77
2212 380.49
2213 380.24
2214 379.99
2215 379.74
2216 379.49
2217 379.22
2218 378.95
2219 378.67
2220 378.38
2221 378.08
2222 377.81
2223 377.55
2224 377.30
2225 377.07
2226 376.83
2227 376.59
2228 376.34
2229 376.08
2230 375.81
2231 375.52
2232 375.24
2233 374.98
2234 374.73
2235 374.50
2236 374.27
2237 374.04
2238 373.81
2239 373.57
2240 373.32
2241 373.06
2242 372.78
2243 372.51
2244 372.26
2245 372.02
2246 371.80
2247 371.58
2248 371.36
2249 371.14
2250 370.91
2251 370.67
2252 370.41
2253 370.15
2254 369.89
2255 369.64
2256 369.41
2257 369.20
2258 368.99
2259 368.78
2260 368.56
2261 368.34
2262 368.11
2263 367.86
2264 367.61
2265 367.36
2266 367.12
2267 366.90
2268 366.69
2269 366.49
2270 366.29
2271 366.08
2272 365.86
2273 365.64
2274 365.40
2275 365.15
2276 364.91
2277 364.68
2278 364.46
2279 364.26
2280 364.07
2281 363.87
2282 363.67
2283 363.46
2284 363.24
2285 363.01
2286 362.77
2287 362.53
2288 362.31
2289 362.10
2290 361.91
2291 361.72
2292 361.53
2293 361.34
2294 361.13
2295 360.92
2296 360.70
2297 360.46
2298 360.23
2299 360.01
2300 359.81
2301 359.63
2302 359.44
2303 359.26
2304 359.07
2305 358.87
2306 358.67
2307 358.45
2308 358.22
2309 358.00
2310 357.78
2311 357.59
2312 357.41
2313 357.23
2314 357.05
2315 356.87
2316 356.68
2317 356.48
2318 356.27
2319 356.04
2320 355.82
2321 355.61
2322 355.42
2323 355.25
2324 355.08
2325 354.90
2326 354.72
2327 354.54
2328 354.34
2329 354.14
2330 353.92
2331 353.70
2332 353.50
2333 353.32
2334 353.14
2335 352.98
2336 352.81
2337 352.63
2338 352.45
2339 352.26
2340 352.06
2341 351.85
2342 351.64
2343 351.44
2344 351.26
2345 351.09
2346 350.93
2347 350.77
2348 350.60
2349 350.42
2350 350.23
2351 350.04
2352 349.83
2353 349.62
2354 349.43
2355 349.25
2356 349.09
2357 348.93
2358 348.77
2359 348.61
2360 348.43
2361 348.25
2362 348.06
2363 347.85
2364 347.65
2365 347.46
2366 347.29
2367 347.13
2368 346.98
2369 346.82
2370 346.66
2371 346.49
2372 346.31
2373 346.12
2374 345.92
2375 345.73
2376 345.54
2377 345.37
2378 345.22
2379 345.07
2380 344.92
2381 344.76
2382 344.59
2383 344.42
2384 344.23
2385 344.03
2386 343.84
2387 343.66
2388 343.50
2389 343.35
2390 343.20
2391 343.05
2392 342.90
2393 342.73
2394 342.56
2395 342.38
2396 342.19
2397 342.00
2398 341.82
2399 341.66
2400 341.51
2401 341.37
2402 341.22
2403 341.07
2404 340.91
2405 340.75
2406 340.57
2407 340.38
2408 340.19
2409 340.02
2410 339.86
2411 339.72
2412 339.58
2413 339.43
2414 339.28
2415 339.13
2416 338.96
2417 338.79
2418 338.60
2419 338.42
2420 338.25
2421 338.09
2422 337.95
2423 337.82
2424 337.68
2425 337.53
2426 337.38
2427 337.22
2428 337.04
2429 336.86
2430 336.68
2431 336.51
2432 336.36
2433 336.22
2434 336.09
2435 335.95
2436 335.81
2437 335.66
2438 335.50
2439 335.33
2440 335.15
2441 334.97
2442 334.81
2443 334.66
2444 334.53
2445 334.40
2446 334.26
2447 334.12
2448 333.97
2449 333.82
2450 333.65
2451 333.47
2452 333.30
2453 333.14
2454 332.99
2455 332.86
2456 332.73
2457 332.60
2458 332.46
2459 332.32
2460 332.16
2461 332.00
2462 331.82
2463 331.65
2464 331.50
2465 331.35
2466 331.22
2467 331.10
2468 330.97
2469 330.83
2470 330.69
2471 330.54
2472 330.38
2473 330.20
2474 330.04
2475 329.88
2476 329.74
2477 329.61
2478 329.49
2479 329.36
2480 329.23
2481 329.09
2482 328.94
2483 328.78
2484 328.61
2485 328.45
2486 328.29
2487 328.16
2488 328.03
2489 327.91
2490 327.78
2491 327.65
2492 327.51
2493 327.37
2494 327.21
2495 327.04
2496 326.88
2497 326.73
2498 326.60
2499 326.47
2500 326.41
