1950 301.92
1951 300.88
1952 299.88
1953 299.76
1954 299.77
1955 299.81
1956 299.88
1957 300.02
1958 300.43
1959 301.37
1960 302.54
1961 302.72
1962 302.62
1963 303.11
1964 303.61
1965 304.42
1966 305.56
1967 306.59
1968 307.81
1969 309.60
1970 311.81
1971 314.09
1972 316.19
1973 318.12
1974 319.60
1975 320.88
1976 322.19
1977 323.87
1978 326.21
1979 328.74
1980 330.86
1981 332.23
1982 333.03
1983 334.24
1984 336.15
1985 338.20
1986 340.22
1987 342.41
1988 345.08
1989 347.73
1990 349.91
1991 351.19
1992 351.55
1993 352.27
1994 353.74
1995 355.94
1996 358.26
1997 359.83
1998 361.47
1999 363.28
2000 364.37
2001 365.65
2002 367.98
2003 370.52
2004 372.79
2005 375.01
2006 377.41
2007 379.79
2008 382.26
2009 384.88
2010 387.61
2011 390.46
2012 393.40
2013 396.32
2014 399.17
2015 401.99
2016 404.79
2017 407.54
2018 410.26
2019 413.00
2020 415.77
2021 418.58
2022 421.43
2023 424.32
2024 427.27
2025 430.26
2026 433.30
2027 436.38
2028 439.50
2029 442.64
2030 445.56
2031 448.02
2032 450.30
2033 452.64
2034 455.04
2035 457.51
2036 460.03
2037 462.61
2038 465.23
2039 467.89
2040 470.72
2041 473.89
2042 477.21
2043 480.51
2044 483.84
2045 487.22
2046 490.68
2047 494.20
2048 497.81
2049 501.50
2050 505.13
2051 508.61
2052 512.05
2053 515.56
2054 519.12
2055 522.73
2056 526.42
2057 530.21
2058 534.08
2059 538.06
2060 542.45
2061 547.57
2062 553.05
2063 558.56
2064 564.15
2065 569.81
2066 575.54
2067 581.37
2068 587.32
2069 593.39
2070 599.43
2071 605.24
2072 610.95
2073 616.68
2074 622.42
2075 628.17
2076 633.92
2077 639.67
2078 645.45
2079 651.27
2080 656.94
2081 662.25
2082 667.29
2083 672.09
2084 676.62
2085 680.89
2086 684.91
2087 688.67
2088 692.18
2089 695.46
2090 698.57
2091 701.51
2092 704.42
2093 707.37
2094 710.34
2095 713.32
2096 716.31
2097 719.29
2098 722.26
2099 725.23
2100 728.12
2101 730.86
2102 733.58
2103 736.39
2104 739.21
2105 742.02
2106 744.80
2107 747.54
2108 750.24
2109 752.87
2110 755.43
2111 757.93
2112 760.40
2113 762.85
2114 765.28
2115 767.67
2116 770.01
2117 772.29
2118 774.50
2119 776.63
2120 778.67
2121 780.61
2122 782.48
2123 784.30
2124 786.08
2125 787.82
2126 789.52
2127 791.15
2128 792.71
2129 794.19
2130 795.60
2131 796.90
2132 798.10
2133 799.22
2134 800.29
2135 801.32
2136 802.31
2137 803.25
2138 804.13
2139 804.94
2140 805.66
2141 806.30
2142 806.84
2143 807.27
2144 807.63
2145 807.93
2146 808.18
2147 808.40
2148 808.57
2149 808.67
2150 808.71
2151 808.71
2152 808.71
2153 808.71
2154 808.71
2155 808.71
2156 808.71
2157 808.71
2158 808.71
2159 808.71
2160 808.71
2161 808.71
2162 808.71
2163 808.71
2164 808.71
2165 808.71
2166 808.71
2167 808.71
2168 808.71
2169 808.71
2170 808.71
2171 808.71
2172 808.71
2173 808.71
2174 808.71
2175 808.71
2176 808.71
2177 808.71
2178 808.71
2179 808.71
2180 808.71
2181 808.71
2182 808.71
2183 808.71
2184 808.71
2185 808.71
2186 808.71
2187 808.71
2188 808.71
2189 808.71
2190 808.71
2191 808.71
2192 808.71
2193 808.71
2194 808.71
2195 808.71
2196 808.71
2197 808.71
2198 808.71
2199 808.71
2200 808.71
2201 808.71
2202 808.71
2203 808.71
2204 808.71
2205 808.71
2206 808.71
2207 808.71
2208 808.71
2209 808.71
2210 808.71
2211 808.71
2212 808.71
2213 808.71
2214 808.71
2215 808.71
2216 808.71
2217 808.71
2218 808.71
2219 808.71
2220 808.71
2221 808.71
2222 808.71
2223 808.71
2224 808.71
2225 808.71
2226 808.71
2227 808.71
2228 808.71
2229 808.71
2230 808.71
2231 808.71
2232 808.71
2233 808.71
2234 808.71
2235 808.71
2236 808.71
2237 808.71
2238 808.71
2239 808.71
2240 808.71
2241 808.71
2242 808.71
2243 808.71
2244 808.71
2245 808.71
2246 808.71
2247 808.71
2248 808.71
2249 808.71
2250 808.71
2251 808.71
2252 808.71
2253 808.71
2254 808.71
2255 808.71
2256 808.71
2257 808.71
2258 808.71
2259 808.71
2260 808.71
2261 808.71
2262 808.71
2263 808.71
2264 808.71
2265 808.71
2266 808.71
2267 808.71
2268 808.71
2269 808.71
2270 808.71
2271 808.71
2272 808.71
2273 808.71
2274 808.71
2275 808.71
2276 808.71
2277 808.71
2278 808.71
2279 808.71
2280 808.71
2281 808.71
2282 808.71
2283 808.71
2284 808.71
2285 808.71
2286 808.71
2287 808.71
2288 808.71
2289 808.71
2290 808.71
2291 808.71
2292 808.71
2293 808.71
2294 808.71
2295 808.71
2296 808.71
2297 808.71
2298 808.71
2299 808.71
2300 808.71
2301 808.71
2302 808.71
2303 808.71
2304 808.71
2305 808.71
2306 808.71
2307 808.71
2308 808.71
2309 808.71
2310 808.71
2311 808.71
2312 808.71
2313 808.71
2314 808.71
2315 808.71
2316 808.71
2317 808.71
2318 808.71
2319 808.71
2320 808.71
2321 808.71
2322 808.71
2323 808.71
2324 808.71
2325 808.71
2326 808.71
2327 808.71
2328 808.71
2329 808.71
2330 808.71
2331 808.71
2332 808.71
2333 808.71
2334 808.71
2335 808.71
2336 808.71
2337 808.71
2338 808.71
2339 808.71
2340 808.71
2341 808.71
2342 808.71
2343 808.71
2344 808.71
2345 808.71
2346 808.71
2347 808.71
2348 808.71
2349 808.71
2350 808.71
2351 808.71
2352 808.71
2353 808.71
2354 808.71
2355 808.71
2356 808.71
2357 808.71
2358 808.71
2359 808.71
2360 808.71
2361 808.71
2362 808.71
2363 808.71
2364 808.71
2365 808.71
2366 808.71
2367 808.71
2368 808.71
2369 808.71
2370 808.71
2371 808.71
2372 808.71
2373 808.71
2374 808.71
2375 808.71
2376 808.71
2377 808.71
2378 808.71
2379 808.71
2380 808.71
2381 808.71
2382 808.71
2383 808.71
2384 808.71
2385 808.71
2386 808.71
2387 808.71
2388 808.71
2389 808.71
2390 808.71
2391 808.71
2392 808.71
2393 808.71
2394 808.71
2395 808.71
2396 808.71
2397 808.71
2398 808.71
2399 808.71
2400 808.71
2401 808.71
2402 808.71
2403 808.71
2404 808.71
2405 808.71
2406 808.71
2407 808.71
2408 808.71
2409 808.71
2410 808.71
2411 808.71
2412 808.71
2413 808.71
2414 808.71
2415 808.71
2416 808.71
2417 808.71
2418 808.71
2419 808.71
2420 808.71
2421 808.71
2422 808.71
2423 808.71
2424 808.71
2425 808.71
2426 808.71
2427 808.71
2428 808.71
2429 808.71
2430 808.71
2431 808.71
2432 808.71
2433 808.71
2434 808.71
2435 808.71
2436 808.71
2437 808.71
2438 808.71
2439 808.71
2440 808.71
2441 808.71
2442 808.71
2443 808.71
2444 808.71
2445 808.71
2446 808.71
2447 808.71
2448 808.71
2449 808.71
2450 808.71
2451 808.71
2452 808.71
2453 808.71
2454 808.71
2455 808.71
2456 808.71
2457 808.71
2458 808.71
2459 808.71
2460 808.71
2461 808.71
2462 808.71
2463 808.71
2464 808.71
2465 808.71
2466 808.71
2467 808.71
2468 808.71
2469 808.71
2470 808.71
2471 808.71
2472 808.71
2473 808.71
2474 808.71
2475 808.71
2476 808.71
2477 808.71
2478 808.71
2479 808.71
2480 808.71
2481 808.71
2482 808.71
2483 808.71
2484 808.71
2485 808.71
2486 808.71
2487 808.71
2488 808.71
2489 808.71
2490 808.71
2491 808.71
2492 808.71
2493 808.71
2494 808.71
2495 808.71
2496 808.71
2497 808.71
2498 808.71
2499 808.71
2500 808.71
